100
23 29 13 17
31 37 31 37
41 53 53 41
90 101 97 97
24 32 5 8
23 29 13 17
31 37 31 37
41 53 53 41
90 101 97 97
24 32 5 8
23 29 13 17
31 37 31 37
41 53 53 41
90 101 97 97
24 32 5 8
23 29 13 17
31 37 31 37
41 53 53 41
90 101 97 97
24 32 5 8
23 29 13 17
31 37 31 37
41 53 53 41
90 101 97 97
24 32 5 8
23 29 13 17
31 37 31 37
41 53 53 41
90 101 97 97
24 32 5 8
23 29 13 17
31 37 31 37
41 53 53 41
90 101 97 97
24 32 5 8
23 29 13 17
31 37 31 37
41 53 53 41
90 101 97 97
24 32 5 8
23 29 13 17
31 37 31 37
41 53 53 41
90 101 97 97
24 32 5 8
23 29 13 17
31 37 31 37
41 53 53 41
90 101 97 97
24 32 5 8
23 29 13 17
31 37 31 37
41 53 53 41
90 101 97 97
24 32 5 8
23 29 13 17
31 37 31 37
41 53 53 41
90 101 97 97
24 32 5 8
23 29 13 17
31 37 31 37
41 53 53 41
90 101 97 97
24 32 5 8
23 29 13 17
31 37 31 37
41 53 53 41
90 101 97 97
24 32 5 8
23 29 13 17
31 37 31 37
41 53 53 41
90 101 97 97
24 32 5 8
23 29 13 17
31 37 31 37
41 53 53 41
90 101 97 97
24 32 5 8
23 29 13 17
31 37 31 37
41 53 53 41
90 101 97 97
24 32 5 8
23 29 13 17
31 37 31 37
41 53 53 41
90 101 97 97
24 32 5 8
23 29 13 17
31 37 31 37
41 53 53 41
90 101 97 97
24 32 5 8
23 29 13 17
31 37 31 37
41 53 53 41
90 101 97 97
24 32 5 8